<svg xmlns="http://www.w3.org/2000/svg" viewBox="0 0 1538 776" preserveAspectRatio="xMidYMid" width="1538" height="776" xmlns:xlink="http://www.w3.org/1999/xlink" style="shape-rendering:auto;display:block;background-position-x:0%;background-position-y:0%;background-size:auto;background-origin:padding-box;background-clip:border-box;background:scroll rgb(0, 0, 0) none  repeat;width:1538px;height:776px;;animation:none"><g><style type="text/css">@keyframes ld-fall {
    0%    { transform: translate(0,0px) rotate3d(1,1,1,0deg); }
    16.6% { transform: translate(0,131.33333333333334px) rotate3d(1,1,1,180deg); }
    33.3% { transform: translate(0,262.6666666666667px) rotate3d(1,1,1,360deg); }
    50.0% { transform: translate(0,394px) rotate3d(1,1,1,540deg); }
    66.6% { transform: translate(0,525.3333333333334px) rotate3d(1,1,1,720deg); }
    83.3% { transform: translate(0,656.6666666666666px) rotate3d(1,1,1,900deg); }
    100%  { transform: translate(0,788px) rotate3d(1,1,1,1080deg) ; }
  }
  .ld.ld-fall {
    animation: ld-fall 4s linear infinite;
  }
  .ld.ld-fall2 {
    animation: ld-fall 4s linear infinite;
    animation-fill-mode: forwards;
  }</style>

  
<g transform="matrix(1,0,0,1,0,272.98736572265625)" style="transform:matrix(1, 0, 0, 1, 0, 272.987);;animation:none"><g transform="matrix(1,0,0,1,978.524169921875,0)" style="transform:matrix(1, 0, 0, 1, 978.524, 0);;animation:none"><g class="ld ld-fall2" style="animation-delay:-1.6079s;animation-duration:4s;animation-play-state:paused;transform:matrix3d(0.513237, 0.799312, -0.31255, 0, -0.31255, 0.513237, 0.799312, 0, 0.799312, -0.31255, 0.513237, 0, 0, 316.91, 0, 1);;animation:none"><rect fill="#e6261f" height="7.360012723034721" width="10.791884595011165" y="-3.6800063615173606" x="-5.395942297505583" style="transform:matrix(5.36634, 0, 0, 5.36634, 0, 0);fill:rgb(230, 38, 31);;animation:none"></rect></g></g>
<g transform="matrix(1,0,0,1,68.531005859375,0)" style="transform:matrix(1, 0, 0, 1, 68.531, 0);;animation:none"><g class="ld ld-fall2" style="animation-delay:-3.10828s;animation-duration:4s;animation-play-state:paused;transform:matrix3d(0.00286416, 0.999992, -0.00285598, 0, -0.00285598, 0.00286416, 0.999992, 0, 0.999992, -0.00285598, 0.00286416, 0, 0, 612.682, 0, 1);;animation:none"><rect fill="#4355db" height="11.050668169950722" width="9.299048623133599" y="-5.525334084975361" x="-4.6495243115667995" style="transform:matrix(3.27806, 0, 0, 3.27806, 0, 0);fill:rgb(67, 85, 219);;animation:none"></rect></g></g>
<g transform="matrix(1,0,0,1,1143.0086669921875,0)" style="transform:matrix(1, 0, 0, 1, 1143.01, 0);;animation:none"><g class="ld ld-fall2" style="animation-delay:-1.27798s;animation-duration:4s;animation-play-state:paused;transform:matrix3d(0.978601, -0.134406, 0.155806, 0, 0.155806, 0.978601, -0.134406, 0, -0.134406, 0.155806, 0.978601, 0, 0, 252.046, 0, 1);;animation:none"><rect fill="#f7d038" height="7.322111156534886" width="10.891184568502972" y="-3.661055578267443" x="-5.445592284251486" style="transform:matrix(2.72881, 0, 0, 2.72881, 0, 0);fill:rgb(247, 208, 56);;animation:none"></rect></g></g>
<g transform="matrix(1,0,0,1,336.2796325683594,0)" style="transform:matrix(1, 0, 0, 1, 336.28, 0);;animation:none"><g class="ld ld-fall2" style="animation-delay:-2.45182s;animation-duration:4s;animation-play-state:paused;transform:matrix3d(0.69135, -0.332708, 0.641358, 0, 0.641358, 0.69135, -0.332708, 0, -0.332708, 0.641358, 0.69135, 0, 0, 483.366, 0, 1);;animation:none"><rect fill="#e6261f" height="9.686813422531275" width="9.036754836999677" y="-4.843406711265637" x="-4.518377418499838" style="transform:matrix(4.06035, 0, 0, 4.06035, 0, 0);fill:rgb(230, 38, 31);;animation:none"></rect></g></g>
<g transform="matrix(1,0,0,1,602.9039306640625,0)" style="transform:matrix(1, 0, 0, 1, 602.904, 0);;animation:none"><g class="ld ld-fall2" style="animation-delay:-1.73559s;animation-duration:2s;animation-play-state:paused;transform:matrix3d(-0.195543, 0.246274, 0.949269, 0, 0.949269, -0.195543, 0.246274, 0, 0.246274, 0.949269, -0.195543, 0, 0, 684.03, 0, 1);;animation:none"><rect fill="#4355db" height="10.344173061181094" width="10.178350059418566" y="-5.172086530590547" x="-5.089175029709283" style="transform:matrix(4.94271, 0, 0, 4.94271, 0, 0);fill:rgb(67, 85, 219);;animation:none"></rect></g></g>
<g transform="matrix(1,0,0,1,92.31536865234375,0)" style="transform:matrix(1, 0, 0, 1, 92.3154, 0);;animation:none"><g class="ld ld-fall2" style="animation-delay:-1.29203s;animation-duration:4s;animation-play-state:paused;transform:matrix3d(0.988256, -0.102019, 0.113763, 0, 0.113763, 0.988256, -0.102019, 0, -0.102019, 0.113763, 0.988256, 0, 0, 254.808, 0, 1);;animation:none"><rect fill="#a3e048" height="9.261418122812518" width="11.299735183528576" y="-4.630709061406259" x="-5.649867591764288" style="transform:matrix(2.77164, 0, 0, 2.77164, 0, 0);fill:rgb(163, 224, 72);;animation:none"></rect></g></g>
<g transform="matrix(1,0,0,1,1466.7830810546875,0)" style="transform:matrix(1, 0, 0, 1, 1466.78, 0);;animation:none"><g class="ld ld-fall2" style="animation-delay:-1.61363s;animation-duration:2s;animation-play-state:paused;transform:matrix3d(-0.254074, 0.900072, 0.354002, 0, 0.354002, -0.254074, 0.900072, 0, 0.900072, 0.354002, -0.254074, 0, 0, 636.074, 0, 1);;animation:none"><rect fill="#4355db" height="11.659867953751327" width="8.086196763564661" y="-5.8299339768756635" x="-4.043098381782331" style="transform:matrix(3.49426, 0, 0, 3.49426, 0, 0);fill:rgb(67, 85, 219);;animation:none"></rect></g></g>
<g transform="matrix(1,0,0,1,302.85626220703125,0)" style="transform:matrix(1, 0, 0, 1, 302.856, 0);;animation:none"><g class="ld ld-fall2" style="animation-delay:-1.15672s;animation-duration:2s;animation-play-state:paused;transform:matrix3d(0.274866, -0.212559, 0.937692, 0, 0.937692, 0.274866, -0.212559, 0, -0.212559, 0.937692, 0.274866, 0, 0, 455.996, 0, 1);;animation:none"><rect fill="#a3e048" height="8.910448812908122" width="11.116463036845666" y="-4.455224406454061" x="-5.558231518422833" style="transform:matrix(4.5701, 0, 0, 4.5701, 0, 0);fill:rgb(163, 224, 72);;animation:none"></rect></g></g>
<g transform="matrix(1,0,0,1,597.8637084960938,0)" style="transform:matrix(1, 0, 0, 1, 597.864, 0);;animation:none"><g class="ld ld-fall2" style="animation-delay:-2.14257s;animation-duration:4s;animation-play-state:paused;transform:matrix3d(-0.187328, 0.233085, 0.954243, 0, 0.954243, -0.187328, 0.233085, 0, 0.233085, 0.954243, -0.187328, 0, 0, 422.199, 0, 1);;animation:none"><rect fill="#f7d038" height="9.873149114236263" width="11.165317800578743" y="-4.936574557118131" x="-5.582658900289371" style="transform:matrix(2.45013, 0, 0, 2.45013, 0, 0);fill:rgb(247, 208, 56);;animation:none"></rect></g></g>
<g transform="matrix(1,0,0,1,819.0294189453125,0)" style="transform:matrix(1, 0, 0, 1, 819.029, 0);;animation:none"><g class="ld ld-fall2" style="animation-delay:-1.27409s;animation-duration:4s;animation-play-state:paused;transform:matrix3d(0.975428, -0.143018, 0.167591, 0, 0.167591, 0.975428, -0.143018, 0, -0.143018, 0.167591, 0.975428, 0, 0, 251.281, 0, 1);;animation:none"><rect fill="#f7d038" height="10.855085908662627" width="6.549583566649436" y="-5.427542954331313" x="-3.274791783324718" style="transform:matrix(5.59349, 0, 0, 5.59349, 0, 0);fill:rgb(247, 208, 56);;animation:none"></rect></g></g>
<g transform="matrix(1,0,0,1,605.82958984375,0)" style="transform:matrix(1, 0, 0, 1, 605.83, 0);;animation:none"><g class="ld ld-fall2" style="animation-delay:-0.528432s;animation-duration:2s;animation-play-state:paused;transform:matrix3d(0.515543, -0.313139, 0.797596, 0, 0.797596, 0.515543, -0.313139, 0, -0.313139, 0.797596, 0.515543, 0, 0, 208.573, 0, 1);;animation:none"><rect fill="#4355db" height="10.912909409773302" width="8.981645683128704" y="-5.456454704886651" x="-4.490822841564352" style="transform:matrix(2.94387, 0, 0, 2.94387, 0, 0);fill:rgb(67, 85, 219);;animation:none"></rect></g></g>
<g transform="matrix(1,0,0,1,475.2366943359375,0)" style="transform:matrix(1, 0, 0, 1, 475.237, 0);;animation:none"><g class="ld ld-fall2" style="animation-delay:-3.83451s;animation-duration:4s;animation-play-state:paused;transform:matrix3d(0.808074, -0.309376, 0.501302, 0, 0.501302, 0.808074, -0.309376, 0, -0.309376, 0.501302, 0.808074, 0, 0, 755.464, 0, 1);;animation:none"><rect fill="#4355db" height="8.324334421812404" width="7.9815250223691105" y="-4.162167210906202" x="-3.9907625111845553" style="transform:matrix(5.0691, 0, 0, 5.0691, 0, 0);fill:rgb(67, 85, 219);;animation:none"></rect></g></g>
<g transform="matrix(1,0,0,1,54.4617919921875,0)" style="transform:matrix(1, 0, 0, 1, 54.4618, 0);;animation:none"><g class="ld ld-fall2" style="animation-delay:-0.361021s;animation-duration:4s;animation-play-state:paused;transform:matrix3d(0.242082, 0.950875, -0.192958, 0, -0.192958, 0.242082, 0.950875, 0, 0.950875, -0.192958, 0.242082, 0, 0, 71.4068, 0, 1);;animation:none"><rect fill="#a3e048" height="6.919314191427035" width="9.584977283995133" y="-3.4596570957135175" x="-4.792488641997567" style="transform:matrix(3.74457, 0, 0, 3.74457, 0, 0);fill:rgb(163, 224, 72);;animation:none"></rect></g></g>
<g transform="matrix(1,0,0,1,97.46308898925781,0)" style="transform:matrix(1, 0, 0, 1, 97.4631, 0);;animation:none"><g class="ld ld-fall2" style="animation-delay:-1.74706s;animation-duration:2s;animation-play-state:paused;transform:matrix3d(-0.148765, 0.17561, 0.973155, 0, 0.973155, -0.148765, 0.17561, 0, 0.17561, 0.973155, -0.148765, 0, 0, 688.541, 0, 1);;animation:none"><rect fill="#a3e048" height="6.767842766032433" width="10.18554994109038" y="-3.3839213830162165" x="-5.09277497054519" style="transform:matrix(2.6165, 0, 0, 2.6165, 0, 0);fill:rgb(163, 224, 72);;animation:none"></rect></g></g>
<g transform="matrix(1,0,0,1,72.81763458251953,0)" style="transform:matrix(1, 0, 0, 1, 72.8176, 0);;animation:none"><g class="ld ld-fall2" style="animation-delay:-1.81069s;animation-duration:4s;animation-play-state:paused;transform:matrix3d(-0.086108, 0.991813, 0.0942945, 0, 0.0942945, -0.086108, 0.991813, 0, 0.991813, 0.0942945, -0.086108, 0, 0, 356.78, 0, 1);;animation:none"><rect fill="#f7d038" height="7.684667740808797" width="6.030062898096228" y="-3.8423338704043983" x="-3.015031449048114" style="transform:matrix(5.00069, 0, 0, 5.00069, 0, 0);fill:rgb(247, 208, 56);;animation:none"></rect></g></g>
<g transform="matrix(1,0,0,1,1458.3592529296875,0)" style="transform:matrix(1, 0, 0, 1, 1458.36, 0);;animation:none"><g class="ld ld-fall2" style="animation-delay:-1.32299s;animation-duration:2s;animation-play-state:paused;transform:matrix3d(0.997578, -0.0479535, 0.050375, 0, 0.050375, 0.997578, -0.0479535, 0, -0.0479535, 0.050375, 0.997578, 0, 0, 521.769, 0, 1);;animation:none"><rect fill="#e6261f" height="7.153121615279885" width="8.439311178990414" y="-3.5765608076399427" x="-4.219655589495207" style="transform:matrix(2.85205, 0, 0, 2.85205, 0, 0);fill:rgb(230, 38, 31);;animation:none"></rect></g></g>
<g transform="matrix(1,0,0,1,1361.7213134765625,0)" style="transform:matrix(1, 0, 0, 1, 1361.72, 0);;animation:none"><g class="ld ld-fall2" style="animation-delay:-0.363501s;animation-duration:2s;animation-play-state:paused;transform:matrix3d(-0.304283, 0.483566, 0.820717, 0, 0.820717, -0.304283, 0.483566, 0, 0.483566, 0.820717, -0.304283, 0, 0, 143.72, 0, 1);;animation:none"><rect fill="#a3e048" height="8.36663644598059" width="7.150821757502545" y="-4.183318222990295" x="-3.5754108787512724" style="transform:matrix(3.29067, 0, 0, 3.29067, 0, 0);fill:rgb(163, 224, 72);;animation:none"></rect></g></g>
<g transform="matrix(1,0,0,1,941.0679931640625,0)" style="transform:matrix(1, 0, 0, 1, 941.068, 0);;animation:none"><g class="ld ld-fall2" style="animation-delay:-1.95171s;animation-duration:2s;animation-play-state:paused;transform:matrix3d(0.932404, -0.219518, 0.287114, 0, 0.287114, 0.932404, -0.219518, 0, -0.219518, 0.287114, 0.932404, 0, 0, 769.012, 0, 1);;animation:none"><rect fill="#a3e048" height="10.189021468800952" width="10.165268623341476" y="-5.094510734400476" x="-5.082634311670738" style="transform:matrix(3.10319, 0, 0, 3.10319, 0, 0);fill:rgb(163, 224, 72);;animation:none"></rect></g></g>
<g transform="matrix(1,0,0,1,1364.90380859375,0)" style="transform:matrix(1, 0, 0, 1, 1364.9, 0);;animation:none"><g class="ld ld-fall2" style="animation-delay:-0.118051s;animation-duration:2s;animation-play-state:paused;transform:matrix3d(0.625544, 0.706163, -0.331706, 0, -0.331706, 0.625544, 0.706163, 0, 0.706163, -0.331706, 0.625544, 0, 0, 46.6989, 0, 1);;animation:none"><rect fill="#f7d038" height="7.750469349768148" width="7.493979016005333" y="-3.875234674884074" x="-3.7469895080026663" style="transform:matrix(5.39049, 0, 0, 5.39049, 0, 0);fill:rgb(247, 208, 56);;animation:none"></rect></g></g>
<g transform="matrix(1,0,0,1,382.5353698730469,0)" style="transform:matrix(1, 0, 0, 1, 382.535, 0);;animation:none"><g class="ld ld-fall2" style="animation-delay:-1.58462s;animation-duration:2s;animation-play-state:paused;transform:matrix3d(-0.147377, 0.973715, 0.173662, 0, 0.173662, -0.147377, 0.973715, 0, 0.973715, 0.173662, -0.147377, 0, 0, 624.667, 0, 1);;animation:none"><rect fill="#e6261f" height="9.656146478444212" width="7.159832990021697" y="-4.828073239222106" x="-3.5799164950108486" style="transform:matrix(5.30432, 0, 0, 5.30432, 0, 0);fill:rgb(230, 38, 31);;animation:none"></rect></g></g>
<g transform="matrix(1,0,0,1,800.4396362304688,0)" style="transform:matrix(1, 0, 0, 1, 800.44, 0);;animation:none"><g class="ld ld-fall2" style="animation-delay:-0.94512s;animation-duration:2s;animation-play-state:paused;transform:matrix3d(-0.246468, 0.908201, 0.338266, 0, 0.338266, -0.246468, 0.908201, 0, 0.908201, 0.338266, -0.246468, 0, 0, 372.42, 0, 1);;animation:none"><rect fill="#e6261f" height="10.811915103877663" width="10.20947414338963" y="-5.405957551938831" x="-5.104737071694815" style="transform:matrix(2.93086, 0, 0, 2.93086, 0, 0);fill:rgb(230, 38, 31);;animation:none"></rect></g></g>
<g transform="matrix(1,0,0,1,86.49039459228516,0)" style="transform:matrix(1, 0, 0, 1, 86.4904, 0);;animation:none"><g class="ld ld-fall2" style="animation-delay:-0.58273s;animation-duration:2s;animation-play-state:paused;transform:matrix3d(0.805757, -0.310242, 0.504486, 0, 0.504486, 0.805757, -0.310242, 0, -0.310242, 0.504486, 0.805757, 0, 0, 229.924, 0, 1);;animation:none"><rect fill="#4355db" height="10.876492222866144" width="11.047961603627325" y="-5.438246111433072" x="-5.5239808018136625" style="transform:matrix(2.66767, 0, 0, 2.66767, 0, 0);fill:rgb(67, 85, 219);;animation:none"></rect></g></g>
<g transform="matrix(1,0,0,1,275.496337890625,0)" style="transform:matrix(1, 0, 0, 1, 275.496, 0);;animation:none"><g class="ld ld-fall2" style="animation-delay:-0.213471s;animation-duration:4s;animation-play-state:paused;transform:matrix3d(0.687908, 0.644964, -0.332872, 0, -0.332872, 0.687908, 0.644964, 0, 0.644964, -0.332872, 0.687908, 0, 0, 42.2227, 0, 1);;animation:none"><rect fill="#f7d038" height="11.387404394889128" width="11.090831247996313" y="-5.693702197444564" x="-5.5454156239981565" style="transform:matrix(4.50408, 0, 0, 4.50408, 0, 0);fill:rgb(247, 208, 56);;animation:none"></rect></g></g>
<g transform="matrix(1,0,0,1,1398.21923828125,0)" style="transform:matrix(1, 0, 0, 1, 1398.22, 0);;animation:none"><g class="ld ld-fall2" style="animation-delay:-2.46763s;animation-duration:4s;animation-play-state:paused;transform:matrix3d(0.732376, -0.328689, 0.596312, 0, 0.596312, 0.732376, -0.328689, 0, -0.328689, 0.596312, 0.732376, 0, 0, 486.493, 0, 1);;animation:none"><rect fill="#e6261f" height="10.920932963923105" width="7.107102796413167" y="-5.460466481961553" x="-3.5535513982065834" style="transform:matrix(4.38298, 0, 0, 4.38298, 0, 0);fill:rgb(230, 38, 31);;animation:none"></rect></g></g>
<g transform="matrix(1,0,0,1,503.2098083496094,0)" style="transform:matrix(1, 0, 0, 1, 503.21, 0);;animation:none"><g class="ld ld-fall2" style="animation-delay:-2.01546s;animation-duration:4s;animation-play-state:paused;transform:matrix3d(-0.331551, 0.623582, 0.707969, 0, 0.707969, -0.331551, 0.623582, 0, 0.623582, 0.707969, -0.331551, 0, 0, 397.058, 0, 1);;animation:none"><rect fill="#e6261f" height="11.543799723591443" width="10.428427055250987" y="-5.771899861795721" x="-5.2142135276254935" style="transform:matrix(3.49871, 0, 0, 3.49871, 0, 0);fill:rgb(230, 38, 31);;animation:none"></rect></g></g>
<g transform="matrix(1,0,0,1,1164.95654296875,0)" style="transform:matrix(1, 0, 0, 1, 1164.96, 0);;animation:none"><g class="ld ld-fall2" style="animation-delay:-2.05065s;animation-duration:4s;animation-play-state:paused;transform:matrix3d(-0.314282, 0.520105, 0.794177, 0, 0.794177, -0.314282, 0.520105, 0, 0.520105, 0.794177, -0.314282, 0, 0, 404.018, 0, 1);;animation:none"><rect fill="#f7d038" height="9.330427395324364" width="6.637265649128692" y="-4.665213697662182" x="-3.318632824564346" style="transform:matrix(3.38409, 0, 0, 3.38409, 0, 0);fill:rgb(247, 208, 56);;animation:none"></rect></g></g>
<g transform="matrix(1,0,0,1,292.4730224609375,0)" style="transform:matrix(1, 0, 0, 1, 292.473, 0);;animation:none"><g class="ld ld-fall2" style="animation-delay:-2.26265s;animation-duration:4s;animation-play-state:paused;transform:matrix3d(0.118493, -0.105796, 0.987303, 0, 0.987303, 0.118493, -0.105796, 0, -0.105796, 0.987303, 0.118493, 0, 0, 445.95, 0, 1);;animation:none"><rect fill="#f7d038" height="8.282848091781123" width="6.178663435734682" y="-4.141424045890561" x="-3.089331717867341" style="transform:matrix(3.72503, 0, 0, 3.72503, 0, 0);fill:rgb(247, 208, 56);;animation:none"></rect></g></g>
<g transform="matrix(1,0,0,1,1283.412109375,0)" style="transform:matrix(1, 0, 0, 1, 1283.41, 0);;animation:none"><g class="ld ld-fall2" style="animation-delay:-0.494809s;animation-duration:4s;animation-play-state:paused;transform:matrix3d(-0.130901, 0.979815, 0.151085, 0, 0.151085, -0.130901, 0.979815, 0, 0.979815, 0.151085, -0.130901, 0, 0, 97.8689, 0, 1);;animation:none"><rect fill="#4355db" height="11.802807216607114" width="11.28161601826277" y="-5.901403608303557" x="-5.640808009131385" style="transform:matrix(5.1827, 0, 0, 5.1827, 0, 0);fill:rgb(67, 85, 219);;animation:none"></rect></g></g>
<g transform="matrix(1,0,0,1,1225.199462890625,0)" style="transform:matrix(1, 0, 0, 1, 1225.2, 0);;animation:none"><g class="ld ld-fall2" style="animation-delay:-3.3374s;animation-duration:4s;animation-play-state:paused;transform:matrix3d(-0.333118, 0.651898, 0.68122, 0, 0.68122, -0.333118, 0.651898, 0, 0.651898, 0.68122, -0.333118, 0, 0, 657.728, 0, 1);;animation:none"><rect fill="#e6261f" height="10.303085489527362" width="7.897934485887981" y="-5.151542744763681" x="-3.9489672429439904" style="transform:matrix(4.7588, 0, 0, 4.7588, 0, 0);fill:rgb(230, 38, 31);;animation:none"></rect></g></g>
<g transform="matrix(1,0,0,1,316.8633117675781,0)" style="transform:matrix(1, 0, 0, 1, 316.863, 0);;animation:none"><g class="ld ld-fall2" style="animation-delay:-1.85044s;animation-duration:2s;animation-play-state:paused;transform:matrix3d(0.442204, -0.290701, 0.848498, 0, 0.848498, 0.442204, -0.290701, 0, -0.290701, 0.848498, 0.442204, 0, 0, 729.191, 0, 1);;animation:none"><rect fill="#a3e048" height="6.923697992045475" width="6.5030709802527245" y="-3.4618489960227374" x="-3.2515354901263622" style="transform:matrix(5.32611, 0, 0, 5.32611, 0, 0);fill:rgb(163, 224, 72);;animation:none"></rect></g></g>
<g transform="matrix(1,0,0,1,543.2153930664062,0)" style="transform:matrix(1, 0, 0, 1, 543.215, 0);;animation:none"><g class="ld ld-fall2" style="animation-delay:-2.24947s;animation-duration:4s;animation-play-state:paused;transform:matrix3d(0.0795813, -0.0736827, 0.994101, 0, 0.994101, 0.0795813, -0.0736827, 0, -0.0736827, 0.994101, 0.0795813, 0, 0, 443.343, 0, 1);;animation:none"><rect fill="#f7d038" height="9.519433451635123" width="11.008736091790393" y="-4.759716725817562" x="-5.5043680458951965" style="transform:matrix(2.55804, 0, 0, 2.55804, 0, 0);fill:rgb(247, 208, 56);;animation:none"></rect></g></g>
<g transform="matrix(1,0,0,1,1392.8851318359375,0)" style="transform:matrix(1, 0, 0, 1, 1392.89, 0);;animation:none"><g class="ld ld-fall2" style="animation-delay:-0.878026s;animation-duration:2s;animation-play-state:paused;transform:matrix3d(0.0593562, 0.996664, -0.05602, 0, -0.05602, 0.0593562, 0.996664, 0, 0.996664, -0.05602, 0.0593562, 0, 0, 346.038, 0, 1);;animation:none"><rect fill="#e6261f" height="7.395427481728012" width="10.189759625256073" y="-3.697713740864006" x="-5.094879812628037" style="transform:matrix(5.36356, 0, 0, 5.36356, 0, 0);fill:rgb(230, 38, 31);;animation:none"></rect></g></g>
<g transform="matrix(1,0,0,1,498.60107421875,0)" style="transform:matrix(1, 0, 0, 1, 498.601, 0);;animation:none"><g class="ld ld-fall2" style="animation-delay:-0.343652s;animation-duration:4s;animation-play-state:paused;transform:matrix3d(0.296599, 0.928174, -0.224773, 0, -0.224773, 0.296599, 0.928174, 0, 0.928174, -0.224773, 0.296599, 0, 0, 67.9713, 0, 1);;animation:none"><rect fill="#f7d038" height="10.946597371208737" width="10.546000865067267" y="-5.473298685604369" x="-5.2730004325336335" style="transform:matrix(5.52478, 0, 0, 5.52478, 0, 0);fill:rgb(247, 208, 56);;animation:none"></rect></g></g>
<g transform="matrix(1,0,0,1,30.122512817382812,0)" style="transform:matrix(1, 0, 0, 1, 30.1225, 0);;animation:none"><g class="ld ld-fall2" style="animation-delay:-0.650832s;animation-duration:2s;animation-play-state:paused;transform:matrix3d(0.993227, -0.0787045, 0.0854779, 0, 0.0854779, 0.993227, -0.0787045, 0, -0.0787045, 0.0854779, 0.993227, 0, 0, 256.702, 0, 1);;animation:none"><rect fill="#4355db" height="7.086590180016931" width="7.296673778214583" y="-3.5432950900084657" x="-3.6483368891072914" style="transform:matrix(3.45044, 0, 0, 3.45044, 0, 0);fill:rgb(67, 85, 219);;animation:none"></rect></g></g>
<g transform="matrix(1,0,0,1,1269.4459228515625,0)" style="transform:matrix(1, 0, 0, 1, 1269.45, 0);;animation:none"><g class="ld ld-fall2" style="animation-delay:-1.03321s;animation-duration:4s;animation-play-state:paused;transform:matrix3d(0.443224, -0.291065, 0.847841, 0, 0.847841, 0.443224, -0.291065, 0, -0.291065, 0.847841, 0.443224, 0, 0, 203.923, 0, 1);;animation:none"><rect fill="#e6261f" height="7.7385427709293015" width="7.4484975144223995" y="-3.8692713854646508" x="-3.7242487572111997" style="transform:matrix(3.07503, 0, 0, 3.07503, 0, 0);fill:rgb(230, 38, 31);;animation:none"></rect></g></g>
<g transform="matrix(1,0,0,1,1533.2506103515625,0)" style="transform:matrix(1, 0, 0, 1, 1533.25, 0);;animation:none"><g class="ld ld-fall2" style="animation-delay:-1.90841s;animation-duration:2s;animation-play-state:paused;transform:matrix3d(0.767537, -0.321871, 0.554334, 0, 0.554334, 0.767537, -0.321871, 0, -0.321871, 0.554334, 0.767537, 0, 0, 751.986, 0, 1);;animation:none"><rect fill="#e6261f" height="10.893485882004883" width="6.327740589057658" y="-5.446742941002442" x="-3.163870294528829" style="transform:matrix(2.97435, 0, 0, 2.97435, 0, 0);fill:rgb(230, 38, 31);;animation:none"></rect></g></g>
<g transform="matrix(1,0,0,1,344.3033447265625,0)" style="transform:matrix(1, 0, 0, 1, 344.303, 0);;animation:none"><g class="ld ld-fall2" style="animation-delay:-1.51469s;animation-duration:2s;animation-play-state:paused;transform:matrix3d(0.235304, 0.953423, -0.188726, 0, -0.188726, 0.235304, 0.953423, 0, 0.953423, -0.188726, 0.235304, 0, 0, 597.17, 0, 1);;animation:none"><rect fill="#a3e048" height="11.097053343972211" width="9.068256239053412" y="-5.548526671986106" x="-4.534128119526706" style="transform:matrix(4.59069, 0, 0, 4.59069, 0, 0);fill:rgb(163, 224, 72);;animation:none"></rect></g></g>
<g transform="matrix(1,0,0,1,318.9684753417969,0)" style="transform:matrix(1, 0, 0, 1, 318.968, 0);;animation:none"><g class="ld ld-fall2" style="animation-delay:-1.39873s;animation-duration:2s;animation-play-state:paused;transform:matrix3d(0.872936, 0.402582, -0.275518, 0, -0.275518, 0.872936, 0.402582, 0, 0.402582, -0.275518, 0.872936, 0, 0, 551.572, 0, 1);;animation:none"><rect fill="#f7d038" height="11.454596571389786" width="9.223888057959702" y="-5.727298285694893" x="-4.611944028979851" style="transform:matrix(4.90435, 0, 0, 4.90435, 0, 0);fill:rgb(247, 208, 56);;animation:none"></rect></g></g>
<g transform="matrix(1,0,0,1,769.1387329101562,0)" style="transform:matrix(1, 0, 0, 1, 769.139, 0);;animation:none"><g class="ld ld-fall2" style="animation-delay:-0.697067s;animation-duration:2s;animation-play-state:paused;transform:matrix3d(0.971739, 0.18045, -0.152189, 0, -0.152189, 0.971739, 0.18045, 0, 0.18045, -0.152189, 0.971739, 0, 0, 274.883, 0, 1);;animation:none"><rect fill="#4355db" height="9.642196976455034" width="10.947180653281883" y="-4.821098488227517" x="-5.473590326640942" style="transform:matrix(4.12588, 0, 0, 4.12588, 0, 0);fill:rgb(67, 85, 219);;animation:none"></rect></g></g>
<g transform="matrix(1,0,0,1,1242.3682861328125,0)" style="transform:matrix(1, 0, 0, 1, 1242.37, 0);;animation:none"><g class="ld ld-fall2" style="animation-delay:-0.656196s;animation-duration:4s;animation-play-state:paused;transform:matrix3d(-0.332879, 0.687752, 0.645127, 0, 0.645127, -0.332879, 0.687752, 0, 0.687752, 0.645127, -0.332879, 0, 0, 129.79, 0, 1);;animation:none"><rect fill="#4355db" height="9.553851287621246" width="10.545626948238422" y="-4.776925643810623" x="-5.272813474119211" style="transform:matrix(3.51036, 0, 0, 3.51036, 0, 0);fill:rgb(67, 85, 219);;animation:none"></rect></g></g>
<g transform="matrix(1,0,0,1,189.19093322753906,0)" style="transform:matrix(1, 0, 0, 1, 189.191, 0);;animation:none"><g class="ld ld-fall2" style="animation-delay:-1.62552s;animation-duration:2s;animation-play-state:paused;transform:matrix3d(-0.28559, 0.85735, 0.42824, 0, 0.42824, -0.28559, 0.85735, 0, 0.85735, 0.42824, -0.28559, 0, 0, 640.749, 0, 1);;animation:none"><rect fill="#e6261f" height="7.380437155322564" width="6.922091389055931" y="-3.690218577661282" x="-3.4610456945279653" style="transform:matrix(3.51076, 0, 0, 3.51076, 0, 0);fill:rgb(230, 38, 31);;animation:none"></rect></g></g>
<g transform="matrix(1,0,0,1,1154.1097412109375,0)" style="transform:matrix(1, 0, 0, 1, 1154.11, 0);;animation:none"><g class="ld ld-fall2" style="animation-delay:-0.13629s;animation-duration:2s;animation-play-state:paused;transform:matrix3d(0.518297, 0.795536, -0.313833, 0, -0.313833, 0.518297, 0.795536, 0, 0.795536, -0.313833, 0.518297, 0, 0, 53.9139, 0, 1);;animation:none"><rect fill="#4355db" height="7.417983059422313" width="11.133545466050808" y="-3.7089915297111564" x="-5.566772733025404" style="transform:matrix(3.69793, 0, 0, 3.69793, 0, 0);fill:rgb(67, 85, 219);;animation:none"></rect></g></g>
<g transform="matrix(1,0,0,1,1198.4749755859375,0)" style="transform:matrix(1, 0, 0, 1, 1198.48, 0);;animation:none"><g class="ld ld-fall2" style="animation-delay:-1.40994s;animation-duration:2s;animation-play-state:paused;transform:matrix3d(0.828735, 0.471982, -0.300717, 0, -0.300717, 0.828735, 0.471982, 0, 0.471982, -0.300717, 0.828735, 0, 0, 555.98, 0, 1);;animation:none"><rect fill="#e6261f" height="7.357649421905347" width="7.9840828345447985" y="-3.6788247109526737" x="-3.9920414172723993" style="transform:matrix(2.65594, 0, 0, 2.65594, 0, 0);fill:rgb(230, 38, 31);;animation:none"></rect></g></g>
<g transform="matrix(1,0,0,1,756.3876953125,0)" style="transform:matrix(1, 0, 0, 1, 756.388, 0);;animation:none"><g class="ld ld-fall2" style="animation-delay:-1.90953s;animation-duration:2s;animation-play-state:paused;transform:matrix3d(0.772842, -0.320538, 0.547696, 0, 0.547696, 0.772842, -0.320538, 0, -0.320538, 0.547696, 0.772842, 0, 0, 752.426, 0, 1);;animation:none"><rect fill="#e6261f" height="6.255125010539818" width="6.650423143726343" y="-3.127562505269909" x="-3.3252115718631714" style="transform:matrix(2.55495, 0, 0, 2.55495, 0, 0);fill:rgb(230, 38, 31);;animation:none"></rect></g></g>
<g transform="matrix(1,0,0,1,814.2592163085938,0)" style="transform:matrix(1, 0, 0, 1, 814.259, 0);;animation:none"><g class="ld ld-fall2" style="animation-delay:-2.74584s;animation-duration:4s;animation-play-state:paused;transform:matrix3d(0.951226, 0.241158, -0.192384, 0, -0.192384, 0.951226, 0.241158, 0, 0.241158, -0.192384, 0.951226, 0, 0, 541.424, 0, 1);;animation:none"><rect fill="#e6261f" height="11.263369724800752" width="9.847539420660445" y="-5.631684862400376" x="-4.923769710330222" style="transform:matrix(3.64401, 0, 0, 3.64401, 0, 0);fill:rgb(230, 38, 31);;animation:none"></rect></g></g>
<g transform="matrix(1,0,0,1,226.1673583984375,0)" style="transform:matrix(1, 0, 0, 1, 226.167, 0);;animation:none"><g class="ld ld-fall2" style="animation-delay:-2.90956s;animation-duration:4s;animation-play-state:paused;transform:matrix3d(0.602695, 0.726778, -0.329473, 0, -0.329473, 0.602695, 0.726778, 0, 0.726778, -0.329473, 0.602695, 0, 0, 573.612, 0, 1);;animation:none"><rect fill="#a3e048" height="8.486626593654222" width="8.587412523298998" y="-4.243313296827111" x="-4.293706261649499" style="transform:matrix(3.63761, 0, 0, 3.63761, 0, 0);fill:rgb(163, 224, 72);;animation:none"></rect></g></g>
<g transform="matrix(1,0,0,1,473.82049560546875,0)" style="transform:matrix(1, 0, 0, 1, 473.821, 0);;animation:none"><g class="ld ld-fall2" style="animation-delay:-0.683774s;animation-duration:4s;animation-play-state:paused;transform:matrix3d(-0.330453, 0.611612, 0.718841, 0, 0.718841, -0.330453, 0.611612, 0, 0.611612, 0.718841, -0.330453, 0, 0, 135.221, 0, 1);;animation:none"><rect fill="#a3e048" height="11.271732317876705" width="7.219227881714219" y="-5.635866158938352" x="-3.6096139408571095" style="transform:matrix(3.39214, 0, 0, 3.39214, 0, 0);fill:rgb(163, 224, 72);;animation:none"></rect></g></g>
<g transform="matrix(1,0,0,1,246.57766723632812,0)" style="transform:matrix(1, 0, 0, 1, 246.578, 0);;animation:none"><g class="ld ld-fall2" style="animation-delay:-0.547925s;animation-duration:2s;animation-play-state:paused;transform:matrix3d(0.62941, -0.331993, 0.702583, 0, 0.702583, 0.62941, -0.331993, 0, -0.331993, 0.702583, 0.62941, 0, 0, 216.238, 0, 1);;animation:none"><rect fill="#a3e048" height="8.204125484538766" width="9.293624784815961" y="-4.102062742269383" x="-4.6468123924079805" style="transform:matrix(4.15849, 0, 0, 4.15849, 0, 0);fill:rgb(163, 224, 72);;animation:none"></rect></g></g>
<g transform="matrix(1,0,0,1,413.6115417480469,0)" style="transform:matrix(1, 0, 0, 1, 413.612, 0);;animation:none"><g class="ld ld-fall2" style="animation-delay:-0.9119s;animation-duration:4s;animation-play-state:paused;transform:matrix3d(0.070699, -0.0660102, 0.995311, 0, 0.995311, 0.070699, -0.0660102, 0, -0.0660102, 0.995311, 0.070699, 0, 0, 180.072, 0, 1);;animation:none"><rect fill="#e6261f" height="8.029534998562042" width="7.244142217492484" y="-4.014767499281021" x="-3.622071108746242" style="transform:matrix(3.74857, 0, 0, 3.74857, 0, 0);fill:rgb(230, 38, 31);;animation:none"></rect></g></g>
<g transform="matrix(1,0,0,1,337.2169189453125,0)" style="transform:matrix(1, 0, 0, 1, 337.217, 0);;animation:none"><g class="ld ld-fall2" style="animation-delay:-3.97769s;animation-duration:4s;animation-play-state:paused;transform:matrix3d(0.996334, -0.0586334, 0.0622997, 0, 0.0622997, 0.996334, -0.0586334, 0, -0.0586334, 0.0622997, 0.996334, 0, 0, 783.614, 0, 1);;animation:none"><rect fill="#4355db" height="10.950552427576238" width="9.944426153943313" y="-5.475276213788119" x="-4.972213076971657" style="transform:matrix(5.09491, 0, 0, 5.09491, 0, 0);fill:rgb(67, 85, 219);;animation:none"></rect></g></g>
<g transform="matrix(1,0,0,1,179.92971801757812,0)" style="transform:matrix(1, 0, 0, 1, 179.93, 0);;animation:none"><g class="ld ld-fall2" style="animation-delay:-0.89196s;animation-duration:2s;animation-play-state:paused;transform:matrix3d(-0.0177218, 0.99968, 0.0180416, 0, 0.0180416, -0.0177218, 0.99968, 0, 0.99968, 0.0180416, -0.0177218, 0, 0, 351.517, 0, 1);;animation:none"><rect fill="#f7d038" height="9.724227691138836" width="9.100124399946354" y="-4.862113845569418" x="-4.550062199973177" style="transform:matrix(4.31981, 0, 0, 4.31981, 0, 0);fill:rgb(247, 208, 56);;animation:none"></rect></g></g>
<g transform="matrix(1,0,0,1,713.9511108398438,0)" style="transform:matrix(1, 0, 0, 1, 713.951, 0);;animation:none"><g class="ld ld-fall2" style="animation-delay:-1.83699s;animation-duration:2s;animation-play-state:paused;transform:matrix3d(0.358347, -0.256117, 0.89777, 0, 0.89777, 0.358347, -0.256117, 0, -0.256117, 0.89777, 0.358347, 0, 0, 723.902, 0, 1);;animation:none"><rect fill="#e6261f" height="10.120585667493671" width="11.440545167994589" y="-5.060292833746836" x="-5.7202725839972945" style="transform:matrix(3.50261, 0, 0, 3.50261, 0, 0);fill:rgb(230, 38, 31);;animation:none"></rect></g></g>
<g transform="matrix(1,0,0,1,663.0158081054688,0)" style="transform:matrix(1, 0, 0, 1, 663.016, 0);;animation:none"><g class="ld ld-fall2" style="animation-delay:-0.600277s;animation-duration:2s;animation-play-state:paused;transform:matrix3d(0.87662, -0.272919, 0.396299, 0, 0.396299, 0.87662, -0.272919, 0, -0.272919, 0.396299, 0.87662, 0, 0, 236.823, 0, 1);;animation:none"><rect fill="#a3e048" height="10.051742751858438" width="7.501632053322284" y="-5.025871375929219" x="-3.750816026661142" style="transform:matrix(4.3904, 0, 0, 4.3904, 0, 0);fill:rgb(163, 224, 72);;animation:none"></rect></g></g>
<g transform="matrix(1,0,0,1,422.177001953125,0)" style="transform:matrix(1, 0, 0, 1, 422.177, 0);;animation:none"><g class="ld ld-fall2" style="animation-delay:-0.5543s;animation-duration:4s;animation-play-state:paused;transform:matrix3d(-0.245535, 0.909153, 0.336382, 0, 0.336382, -0.245535, 0.909153, 0, 0.909153, 0.336382, -0.245535, 0, 0, 109.636, 0, 1);;animation:none"><rect fill="#a3e048" height="8.105599506811725" width="11.521799773439037" y="-4.052799753405862" x="-5.7608998867195185" style="transform:matrix(2.91783, 0, 0, 2.91783, 0, 0);fill:rgb(163, 224, 72);;animation:none"></rect></g></g>
<g transform="matrix(1,0,0,1,55.197174072265625,0)" style="transform:matrix(1, 0, 0, 1, 55.1972, 0);;animation:none"><g class="ld ld-fall2" style="animation-delay:-0.116177s;animation-duration:2s;animation-play-state:paused;transform:matrix3d(0.636123, 0.696304, -0.332427, 0, -0.332427, 0.636123, 0.696304, 0, 0.696304, -0.332427, 0.636123, 0, 0, 45.9576, 0, 1);;animation:none"><rect fill="#e6261f" height="9.646194757957296" width="8.191021250972" y="-4.823097378978648" x="-4.095510625486" style="transform:matrix(3.336, 0, 0, 3.336, 0, 0);fill:rgb(230, 38, 31);;animation:none"></rect></g></g>
<g transform="matrix(1,0,0,1,1142.076171875,0)" style="transform:matrix(1, 0, 0, 1, 1142.08, 0);;animation:none"><g class="ld ld-fall2" style="animation-delay:-0.61276s;animation-duration:4s;animation-play-state:paused;transform:matrix3d(-0.313838, 0.79552, 0.518318, 0, 0.518318, -0.313838, 0.79552, 0, 0.79552, 0.518318, -0.313838, 0, 0, 121.199, 0, 1);;animation:none"><rect fill="#e6261f" height="9.999546269605496" width="9.653308751993706" y="-4.999773134802748" x="-4.826654375996853" style="transform:matrix(3.67098, 0, 0, 3.67098, 0, 0);fill:rgb(230, 38, 31);;animation:none"></rect></g></g>
<g transform="matrix(1,0,0,1,1065.5830078125,0)" style="transform:matrix(1, 0, 0, 1, 1065.58, 0);;animation:none"><g class="ld ld-fall2" style="animation-delay:-1.60702s;animation-duration:4s;animation-play-state:paused;transform:matrix3d(0.515892, 0.797335, -0.313228, 0, -0.313228, 0.515892, 0.797335, 0, 0.797335, -0.313228, 0.515892, 0, 0, 316.737, 0, 1);;animation:none"><rect fill="#4355db" height="10.227663867442105" width="6.697655393794314" y="-5.113831933721053" x="-3.348827696897157" style="transform:matrix(3.92134, 0, 0, 3.92134, 0, 0);fill:rgb(67, 85, 219);;animation:none"></rect></g></g>
<g transform="matrix(1,0,0,1,227.80564880371094,0)" style="transform:matrix(1, 0, 0, 1, 227.806, 0);;animation:none"><g class="ld ld-fall2" style="animation-delay:-0.242577s;animation-duration:2s;animation-play-state:paused;transform:matrix3d(-0.108567, 0.986575, 0.121992, 0, 0.121992, -0.108567, 0.986575, 0, 0.986575, 0.121992, -0.108567, 0, 0, 95.9592, 0, 1);;animation:none"><rect fill="#e6261f" height="10.748601615289509" width="11.443796739327233" y="-5.3743008076447545" x="-5.7218983696636165" style="transform:matrix(3.59352, 0, 0, 3.59352, 0, 0);fill:rgb(230, 38, 31);;animation:none"></rect></g></g>
<g transform="matrix(1,0,0,1,1487.7884521484375,0)" style="transform:matrix(1, 0, 0, 1, 1487.79, 0);;animation:none"><g class="ld ld-fall2" style="animation-delay:-0.569359s;animation-duration:2s;animation-play-state:paused;transform:matrix3d(0.743022, -0.326977, 0.583955, 0, 0.583955, 0.743022, -0.326977, 0, -0.326977, 0.583955, 0.743022, 0, 0, 224.666, 0, 1);;animation:none"><rect fill="#4355db" height="6.814782295111778" width="11.132652776200308" y="-3.407391147555889" x="-5.566326388100154" style="transform:matrix(4.85401, 0, 0, 4.85401, 0, 0);fill:rgb(67, 85, 219);;animation:none"></rect></g></g>
<g transform="matrix(1,0,0,1,1023.8997192382812,0)" style="transform:matrix(1, 0, 0, 1, 1023.9, 0);;animation:none"><g class="ld ld-fall2" style="animation-delay:-0.976085s;animation-duration:4s;animation-play-state:paused;transform:matrix3d(0.264744, -0.206659, 0.941914, 0, 0.941914, 0.264744, -0.206659, 0, -0.206659, 0.941914, 0.264744, 0, 0, 192.691, 0, 1);;animation:none"><rect fill="#e6261f" height="11.378571415349166" width="6.613109482838015" y="-5.689285707674583" x="-3.3065547414190073" style="transform:matrix(3.99149, 0, 0, 3.99149, 0, 0);fill:rgb(230, 38, 31);;animation:none"></rect></g></g>
<g transform="matrix(1,0,0,1,1292.1837158203125,0)" style="transform:matrix(1, 0, 0, 1, 1292.18, 0);;animation:none"><g class="ld ld-fall2" style="animation-delay:-0.404339s;animation-duration:2s;animation-play-state:paused;transform:matrix3d(-0.184873, 0.229215, 0.955658, 0, 0.955658, -0.184873, 0.229215, 0, 0.229215, 0.955658, -0.184873, 0, 0, 159.778, 0, 1);;animation:none"><rect fill="#e6261f" height="6.656610794361152" width="9.14588465122176" y="-3.328305397180576" x="-4.57294232561088" style="transform:matrix(3.98808, 0, 0, 3.98808, 0, 0);fill:rgb(230, 38, 31);;animation:none"></rect></g></g>
<g transform="matrix(1,0,0,1,94.52794647216797,0)" style="transform:matrix(1, 0, 0, 1, 94.5279, 0);;animation:none"><g class="ld ld-fall2" style="animation-delay:-1.17761s;animation-duration:4s;animation-play-state:paused;transform:matrix3d(0.831849, -0.299258, 0.467409, 0, 0.467409, 0.831849, -0.299258, 0, -0.299258, 0.467409, 0.831849, 0, 0, 232.313, 0, 1);;animation:none"><rect fill="#f7d038" height="6.999036350599866" width="7.699139930398422" y="-3.499518175299933" x="-3.849569965199211" style="transform:matrix(4.46347, 0, 0, 4.46347, 0, 0);fill:rgb(247, 208, 56);;animation:none"></rect></g></g>
<g transform="matrix(1,0,0,1,33.310768127441406,0)" style="transform:matrix(1, 0, 0, 1, 33.3108, 0);;animation:none"><g class="ld ld-fall2" style="animation-delay:-1.05336s;animation-duration:2s;animation-play-state:paused;transform:matrix3d(-0.25014, 0.345781, 0.904359, 0, 0.904359, -0.25014, 0.345781, 0, 0.345781, 0.904359, -0.25014, 0, 0, 415.108, 0, 1);;animation:none"><rect fill="#a3e048" height="8.939180588446439" width="10.371517983426674" y="-4.469590294223219" x="-5.185758991713337" style="transform:matrix(5.21747, 0, 0, 5.21747, 0, 0);fill:rgb(163, 224, 72);;animation:none"></rect></g></g>
